# GIMP colorrc
# 
# This file holds a list of recently used colors.

(color-history
    (color-rgba 1 1 1 1)
    (color-rgba 0.18431372940540314 0.25882354378700256 0.31372550129890442 1)
    (color-rgba 0.12941177189350128 0.47450980544090271 0.64313727617263794 1)
    (color-rgba 0 0 0 1)
    (color-rgba 0.16862745583057404 0.16862745583057404 0.16862745583057404 1)
    (color-rgba 0.43137255311012268 0.43137255311012268 0.43137255311012268 1)
    (color-rgba 0.55294120311737061 0.55294120311737061 0.55294120311737061 1)
    (color-rgba 0.63921570777893066 0.63921570777893066 0.63921570777893066 1)
    (color-rgba 0.050980396568775177 0.44313728809356689 0.57254904508590698 1)
    (color-rgba 0.67843139171600342 0.84705889225006104 0.92156869173049927 1)
    (color-rgba 0.37051131253027048 0.74984432984168159 0.87628865979381443 1)
    (color-rgba 0.19607844948768616 0.60784316062927246 0.7450980544090271 1)
    (color-rgba 0.57216494845360821 0.57216494845360821 0.57216494845360821 1)
    (color-rgba 0.65490198135375977 0.65490198135375977 0.65490198135375977 1)
    (color-rgba 0.39215686917304993 0.39215686917304993 0.39215686917304993 1)
    (color-rgba 0.74117648601531982 0.74117648601531982 0.74117648601531982 1)
    (color-rgba 0.45098039507865906 0.45098039507865906 0.45098039507865906 1)
    (color-rgba 0.45882353186607361 0.45882353186607361 0.45882353186607361 1)
    (color-rgba 0.74901962280273438 0.74901962280273438 0.74901962280273438 1)
    (color-rgba 0.89019608497619629 0.89019608497619629 0.89019608497619629 1)
    (color-rgba 0.69411766529083252 0.69411766529083252 0.69411766529083252 1)
    (color-rgba 0.82745099067687988 0.12549020349979401 0.058823529630899429 1)
    (color-rgba 0.78431373834609985 0.78823530673980713 0.79607844352722168 1)
    (color-rgba 0.55294120311737061 0.59215688705444336 0.64705884456634521 1)
    (color-rgba 0.73725491762161255 0.73725491762161255 0.73725491762161255 1)
    (color-rgba 0.52549022436141968 0.52549022436141968 0.52549022436141968 1)
    (color-rgba 0.78823530673980713 0.78823530673980713 0.78823530673980713 1)
    (color-rgba 0.54901963472366333 0.54901963472366333 0.54901963472366333 1)
    (color-rgba 0.79607844352722168 0.7607843279838562 0.56862747669219971 1)
    (color-rgba 0.67843139171600342 0.61568629741668701 0.32549020648002625 1)
    (color-rgba 0.82745099067687988 0.69019609689712524 0.058823529630899429 1)
    (color-rgba 0.82352942228317261 0.82352942228317261 0.82352942228317261 1)
    (color-rgba 0.39215686917304993 0.42745098471641541 0.42352941632270813 1)
    (color-rgba 0.45490196347236633 0.45490196347236633 0.45490196347236633 1)
    (color-rgba 0.51372551918029785 0.56078433990478516 0.61960786581039429 1)
    (color-rgba 0.70588237047195435 0.70588237047195435 0.70588237047195435 1)
    (color-rgba 0.60392159223556519 0.60392159223556519 0.60392159223556519 1)
    (color-rgba 0.70196080207824707 0.70196080207824707 0.70196080207824707 1)
    (color-rgba 0.81176471710205078 0.81176471710205078 0.81176471710205078 1)
    (color-rgba 0.92156863212585449 0.92156863212585449 0.92156863212585449 1)
    (color-rgba 0.65882354974746704 0.65882354974746704 0.65882354974746704 1)
    (color-rgba 0.68235296010971069 0.68235296010971069 0.68235296010971069 1)
    (color-rgba 0.53333336114883423 0.53333336114883423 0.53333336114883423 1)
    (color-rgba 0.73333334922790527 0.73333334922790527 0.73333334922790527 1)
    (color-rgba 0.61568629741668701 0.61568629741668701 0.61568629741668701 1)
    (color-rgba 0.62352943420410156 0.65882354974746704 0.69411766529083252 1)
    (color-rgba 0.90588235855102539 0.90588235855102539 0.90588235855102539 1)
    (color-rgba 0.70196080207824707 0.70196080207824707 0.70980393886566162 1)
    (color-rgba 0.67843139171600342 0.67843139171600342 0.67843139171600342 1)
    (color-rgba 0.77254903316497803 0.77254903316497803 0.77254903316497803 1)
    (color-rgba 0.98823529481887817 0.98823529481887817 0.98823529481887817 1)
    (color-rgba 0.59607845544815063 0.59607845544815063 0.59607845544815063 1)
    (color-rgba 0.77254903316497803 0.78823530673980713 0.81568628549575806 1)
    (color-rgba 0.50196081399917603 0.54509806632995605 0.60784316062927246 1)
    (color-rgba 0.67450982332229614 0.67450982332229614 0.67450982332229614 1)
    (color-rgba 0.75686275959014893 0.75686275959014893 0.75686275959014893 1)
    (color-rgba 0.55294120311737061 0.58823531866073608 0.64705884456634521 1)
    (color-rgba 0.466667 0.35686299999999999 0.247059 1)
    (color-rgba 0.35686299999999999 0.29411799999999999 0.219608 1)
    (color-rgba 0.46274500000000002 0.352941 0.24313699999999999 1)
    (color-rgba 0.40784300000000001 0.32549 0.235294 1)
    (color-rgba 0.50588200000000005 0.54901999999999995 0.611765 1)
    (color-rgba 0.64705900000000005 0.66666700000000001 0.70196099999999995 1)
    (color-rgba 0.94901999999999997 0.94901999999999997 0.94901999999999997 1)
    (color-rgba 0.48627500000000001 0.53333299999999995 0.59999999999999998 1)
    (color-rgba 0.60392199999999996 0.60784300000000002 0.60784300000000002 1)
    (color-rgba 0.49019600000000002 0.49019600000000002 0.49019600000000002 1)
    (color-rgba 0.57647099999999996 0.57647099999999996 0.57647099999999996 1)
    (color-rgba 0.63137299999999996 0.63137299999999996 0.63137299999999996 1)
    (color-rgba 0.64313699999999996 0.64313699999999996 0.64313699999999996 1)
    (color-rgba 0.72156900000000002 0.72156900000000002 0.72156900000000002 1)
    (color-rgba 0.69803899999999997 0.69803899999999997 0.69803899999999997 1)
    (color-rgba 0.50196099999999999 0.50196099999999999 0.50196099999999999 1)
    (color-rgba 0.72548999999999997 0.72548999999999997 0.72548999999999997 1)
    (color-rgba 1 1 1 0)
    (color-rgba 0.466667 0.35686299999999999 0.247059 0)
    (color-rgba 0.37254900000000002 0.30196099999999998 0.22352900000000001 1)
    (color-rgba 0.48627500000000001 0.36862699999999998 0.25097999999999998 1)
    (color-rgba 0.38431399999999999 0.313726 0.22745099999999999 1)
    (color-rgba 0.43529400000000001 0.33725500000000003 0.23921600000000001 1)
    (color-rgba 0.43529400000000001 0.34117599999999998 0.23921600000000001 1)
    (color-rgba 0.36862699999999998 0.30196099999999998 0.22352900000000001 1)
    (color-rgba 0.38431399999999999 0.30980400000000002 0.22745099999999999 1)
    (color-rgba 0.42352899999999999 0.32941199999999998 0.235294 1)
    (color-rgba 0.45097999999999999 0.34509800000000002 0.24313699999999999 1)
    (color-rgba 0 0.56842099999999995 0.083766999999999994 1)
    (color-rgba 0.50588200000000005 0.37254900000000002 0.25490200000000002 1)
    (color-rgba 0.388235 0.403922 0.403922 1)
    (color-rgba 0.49019600000000002 0.54117599999999999 0.60784300000000002 1)
    (color-rgba 0.59999999999999998 0.60784300000000002 0.623529 1)
    (color-rgba 0.52941199999999999 0.57254899999999997 0.62745099999999998 1)
    (color-rgba 0.74902000000000002 0.75294099999999997 0.75686299999999995 1)
    (color-rgba 0.62745099999999998 0.62745099999999998 0.62745099999999998 1)
    (color-rgba 0.85263199999999995 0.85263199999999995 0.85263199999999995 1)
    (color-rgba 0.96078399999999997 0.96078399999999997 0.96078399999999997 1)
    (color-rgba 0.61960800000000005 0.61960800000000005 0.61960800000000005 1)
    (color-rgba 0.56078399999999995 0.56078399999999995 0.56078399999999995 1)
    (color-rgba 0.47058800000000001 0.47058800000000001 0.47058800000000001 1)
    (color-rgba 0.58039200000000002 0.58039200000000002 0.584314 1)
    (color-rgba 0.55294100000000002 0.59215700000000004 0.64313699999999996 1)
    (color-rgba 0.70196099999999995 0.72156900000000002 0.75294099999999997 1)
    (color-rgba 0.76078400000000002 0.76078400000000002 0.76078400000000002 1)
    (color-rgba 0.52549000000000001 0.56470600000000004 0.62745099999999998 1)
    (color-rgba 0.494118 0.53333299999999995 0.584314 1)
    (color-rgba 0.49803900000000001 0.49803900000000001 0.49803900000000001 1)
    (color-rgba 0.54509799999999997 0.54509799999999997 0.54509799999999997 1)
    (color-rgba 0.49803900000000001 0.52941199999999999 0.56470600000000004 1)
    (color-rgba 0.74509800000000004 0.74509800000000004 0.74509800000000004 1)
    (color-rgba 0.59999999999999998 0.59999999999999998 0.60392199999999996 1)
    (color-rgba 0.67058799999999996 0.67058799999999996 0.67843100000000001 1)
    (color-rgba 0.60784300000000002 0.60784300000000002 0.60784300000000002 1)
    (color-rgba 0.86666699999999997 0.86666699999999997 0.86666699999999997 1)
    (color-rgba 0.91764699999999999 0.91764699999999999 0.91764699999999999 1)
    (color-rgba 0.71764700000000003 0.71764700000000003 0.71764700000000003 1)
    (color-rgba 0.66666700000000001 0.67058799999999996 0.67451000000000005 1)
    (color-rgba 0.66666700000000001 0.66666700000000001 0.66666700000000001 1)
    (color-rgba 0.93725499999999995 0.93725499999999995 0.93725499999999995 1)
    (color-rgba 0.556863 0.556863 0.556863 1)
    (color-rgba 0.556863 0.56078399999999995 0.56078399999999995 1)
    (color-rgba 0.71372599999999997 0.71764700000000003 0.72548999999999997 1)
    (color-rgba 0.65098 0.65098 0.65098 1)
    (color-rgba 0.494118 0.494118 0.494118 1)
    (color-rgba 0.52941199999999999 0.52941199999999999 0.52941199999999999 1)
    (color-rgba 0.39607799999999999 0.39607799999999999 0.39607799999999999 1)
    (color-rgba 0.31764700000000001 0.043137000000000002 0.17647099999999999 1)
    (color-rgba 0.33333299999999999 0.047058999999999997 0.180392 1)
    (color-rgba 0.30980400000000002 0.047058999999999997 0.168627 1)
    (color-rgba 0.298039 0.047058999999999997 0.15294099999999999 1)
    (color-rgba 0.29019600000000001 0.035293999999999999 0.15294099999999999 1)
    (color-rgba 0.26274500000000001 0.043137000000000002 0.156863 1)
    (color-rgba 0.84705900000000001 0.85097999999999996 0.83137300000000003 1)
    (color-rgba 0.82352899999999996 0.82745100000000005 0.80784299999999998 1)
    (color-rgba 0.52941199999999999 0.43529400000000001 0.32549 1)
    (color-rgba 0.50588200000000005 0.41960799999999998 0.30980400000000002 1)
    (color-rgba 0.42352899999999999 0.32156899999999999 0.25490200000000002 1)
    (color-rgba 0.443137 0.34117599999999998 0.27450999999999998 1)
    (color-rgba 0.53725500000000004 0.443137 0.33333299999999999 1)
    (color-rgba 0.439216 0.33725500000000003 0.247059 1)
    (color-rgba 0.403922 0.32941199999999998 0.27450999999999998 1)
    (color-rgba 0.98823499999999997 0.52941199999999999 0.035293999999999999 1)
    (color-rgba 0.443137 0.29411799999999999 0 1)
    (color-rgba 0.313726 0.17647099999999999 0.086275000000000004 1)
    (color-rgba 0.18823500000000001 0.105882 0.050979999999999998 1)
    (color-rgba 0.063893000000000005 0.073602000000000001 0.085000000000000006 1)
    (color-rgba 0.24161099999999999 0.49847000000000002 0.80000000000000004 1)
    (color-rgba 0.50161100000000003 0.61126999999999998 0.73999999999999999 1)
    (color-rgba 0.020034 0.46851799999999999 0.995 1)
    (color-rgba 0.248054 0.39154899999999998 0.56000000000000005 1)
    (color-rgba 0.58039200000000002 0.80392200000000003 0.121569 1)
    (color-rgba 0.57267299999999999 0.82521800000000001 0.054290999999999999 1)
    (color-rgba 0.61476500000000001 0.84144799999999997 0.14946799999999999 1)
    (color-rgba 0.56128100000000003 0.81897600000000004 0.032328000000000003 1)
    (color-rgba 0.61025099999999999 0.90137299999999998 0.01779 1)
    (color-rgba 0.65152900000000002 0.90511900000000001 0.13100400000000001 1)
    (color-rgba 0.71092200000000005 0.89637999999999995 0.33024500000000001 1)
    (color-rgba 0.61642799999999998 0.85892599999999997 0.11866699999999999 1)
    (color-rgba 0.59374899999999997 0.84769000000000005 0.072499999999999995 1)
    (color-rgba 0.777702 0.97003700000000004 0.38290999999999997 1)
    (color-rgba 0.21072299999999999 0.28589300000000001 0.056425999999999997 1)
    (color-rgba 0.88235300000000005 0.83137300000000003 0.80000000000000004 1)
    (color-rgba 0.77647100000000002 0.77647100000000002 0.77647100000000002 1)
    (color-rgba 0.28235300000000002 0.28235300000000002 0.28235300000000002 1)
    (color-rgba 0.77500000000000002 0.77500000000000002 0.77500000000000002 1)
    (color-rgba 0.55000000000000004 0.55000000000000004 0.55000000000000004 1)
    (color-rgba 0.17647099999999999 0.17647099999999999 0.17647099999999999 1)
    (color-rgba 0.37 0.37 0.37 1)
    (color-rgba 0.13725499999999999 0.043137000000000002 0.031372999999999998 1)
    (color-rgba 0.81176499999999996 0.54901999999999995 0.415686 1)
    (color-rgba 0.72156900000000002 0.45097999999999999 0.31764700000000001 1)
    (color-rgba 0.584314 0.50588200000000005 0.478431 1)
    (color-rgba 0.61568599999999996 0.54901999999999995 0.51764699999999997 1)
    (color-rgba 0.47058800000000001 0.40000000000000002 0.376471 1)
    (color-rgba 0.15294099999999999 0.062744999999999995 0.039216000000000001 1)
    (color-rgba 0.352941 0.16470599999999999 0.094117999999999993 1)
    (color-rgba 0.71764700000000003 0.44705899999999998 0.31764700000000001 1)
    (color-rgba 0.50196099999999999 0.298039 0.22745099999999999 1)
    (color-rgba 0.57647099999999996 0.49803900000000001 0.47058800000000001 1)
    (color-rgba 0.21568599999999999 0.15294099999999999 0.145098 1)
    (color-rgba 0.13725499999999999 0.043137000000000002 0.027451 1)
    (color-rgba 0.17647099999999999 0.17647099999999999 0.17647099999999999 0)
    (color-rgba 0.13 0.117785 0.117785 1)
    (color-rgba 0.20000000000000001 0.20000000000000001 0.20000000000000001 1))

# end of colorrc
